ere,104,0,3,8,22,6
NULL
NULL
NULL
NULL
NULL
NULL
9,Broń,53,1,0,1,7,-842150451,-842150451,2,3,0,0
11,Broń,2,1,1,1,13,-842150451,-842150451,2,1,0,0
NULL
END_EQUIPMENT
14,Broń,30,1,0,1,15,-842150451,-842150451,2,3,0,0
END_BACKPACK
END_CHAMPION
30,20,7,14,28,66
Przeciwnik1,49,49,10,1,21,5,13,1
Przeciwnik2,42,42,6,3,26,17,5,1
Przeciwnik3,32,32,6,1,13,17,6,1
Przeciwnik4,40,40,3,2,17,16,10,1
Przeciwnik5,52,52,10,3,21,19,5,1
Przeciwnik6,46,46,9,4,23,6,0,1
Przeciwnik7,47,47,10,3,17,6,4,1
END_ENEMIES
4,-1,-1
9,5,2
7,12,1
1,22,3
5,26,19
4,11,6
1,-1,-1
1,-1,-1
9,10,17
6,6,9
7,11,13
4,16,18
8,14,5
5,19,4
1,6,0
9,25,3
4,17,15
2,19,0
8,29,16
8,24,6
6,24,9
1,5,17
6,12,1
9,2,7
8,0,12
7,11,10
10,20,0
6,3,8
END_TRAPS
1,13,11
1,Zbroja,1,0,1,2,-842150451,19,8,3,2,0,0
5,26,18
2,Zbroja,33,0,3,1,-842150451,9,9,3,1,0,0
7,10,13
3,Broń,70,1,1,0,5,-842150451,-842150451,2,2,0,0
9,7,13
4,Zbroja,58,0,3,1,-842150451,15,8,3,3,0,0
4,24,0
5,Zbroja,33,0,2,2,-842150451,13,6,2,3,0,0
9,1,14
6,Zbroja,62,0,3,1,-842150451,20,2,2,3,0,0
3,24,16
7,Zbroja,35,0,3,1,-842150451,12,8,2,2,0,0
6,22,8
8,Broń,93,1,1,0,7,-842150451,-842150451,1,2,0,0
4,5,5
NULL
8,19,9
10,Broń,68,1,0,1,5,-842150451,-842150451,1,1,0,0
2,16,2
NULL
10,2,11
12,Broń,90,1,0,0,15,-842150451,-842150451,2,2,0,0
7,9,12
13,Zbroja,26,0,0,2,-842150451,16,3,3,2,0,0
4,13,3
NULL
END_CHESTS
......E............|....C.....
........|.....|.|..|.|......|.
.....|.......||...............
|....................|.......|
......E...................|.|.
.................E.E......|...
...|.............E...........|
...|...|.........|...|.......|
|..........|.......|..C..|.|..
................|..C...|......
...|.........|..E|...........|
|.C....|.....C................
...|.....C.........|......||..
.....E|C.|C........|..........
.C...|........|...|...|..|....
|...........................|.
|..|.......|......|.....C.|...
.....|..|................|...|
.....................|.|..C|..
..........|...|....|.....|....
END_MAP
